{
 "cells": [
  {
   "cell_type": "markdown",
   "metadata": {},
   "source": [
    "<div class=\"alert alert-success\">\n",
    "<h1>TABLE OF CONTENTS</h1>\n",
    "</div>"
   ]
  },
  {
   "cell_type": "markdown",
   "metadata": {},
   "source": [
    "* [Notes](#NOTES)\n",
    "* [Setup](#SETUP)\n",
    "* [Modeling Functions](#MODELING-FUNCTIONS)\n",
    "* [Logistic Regression](#LOGISTIC-REGRESSION)\n",
    "* [KNN](#KNN)\n",
    "* [Random Forests](#RANDOM-FORESTS)\n",
    "* [SVC](#SVC)\n",
    "* [Clustering](#CLUSTERING)\n",
    "* [DBSCAN](#DBSCAN)"
   ]
  },
  {
   "cell_type": "markdown",
   "metadata": {},
   "source": [
    "<div class=\"alert alert-success\">\n",
    "<h1>NOTES</h1>\n",
    "</div>"
   ]
  },
  {
   "cell_type": "markdown",
   "metadata": {},
   "source": [
    "There are 3 sets of columns:\n",
    "\n",
    "* **sec_cols**: security incident columns (outcome variables)\n",
    "    * values = -1 (no), 1 (yes), and 0 (NA)\n",
    "* **dem_cols**: demographic info columns (predictor variables)\n",
    "* **hab_cols**: security habit columns (predictor variables)"
   ]
  },
  {
   "cell_type": "markdown",
   "metadata": {},
   "source": [
    "<div class=\"alert alert-success\">\n",
    "<h1>SETUP</h1>\n",
    "</div>"
   ]
  },
  {
   "cell_type": "markdown",
   "metadata": {},
   "source": [
    "## Import libraries"
   ]
  },
  {
   "cell_type": "code",
   "execution_count": 1,
   "metadata": {
    "collapsed": false
   },
   "outputs": [],
   "source": [
    "import pandas as pd\n",
    "import numpy as np\n",
    "import matplotlib.pyplot as plt\n",
    "%matplotlib inline"
   ]
  },
  {
   "cell_type": "markdown",
   "metadata": {},
   "source": [
    "## Read in data"
   ]
  },
  {
   "cell_type": "code",
   "execution_count": 2,
   "metadata": {
    "collapsed": false
   },
   "outputs": [],
   "source": [
    "df = pd.read_csv('cybersecurity_clean_31Jul17.txt', sep = '\\t', encoding = 'utf8')"
   ]
  },
  {
   "cell_type": "markdown",
   "metadata": {},
   "source": [
    "## Create age groups"
   ]
  },
  {
   "cell_type": "code",
   "execution_count": 3,
   "metadata": {
    "collapsed": false
   },
   "outputs": [],
   "source": [
    "for i in range(0,len(df.age)):\n",
    "    j = df.loc[i,'age']\n",
    "    if(j >= 1) & (j <= 20): df.loc[i,'age_group'] = '1-20'\n",
    "    elif(j >= 21) & (j <= 30): df.loc[i,'age_group'] = '21-30'\n",
    "    elif(j >= 31) & (j <= 40): df.loc[i,'age_group'] = '31-40'\n",
    "    elif(j >= 41) & (j <= 50): df.loc[i,'age_group'] = '41-50'\n",
    "    elif(j >= 51) & (j <= 60): df.loc[i,'age_group'] = '51-60'\n",
    "    elif(j >= 61) & (j <= 70): df.loc[i,'age_group'] = '61-70'\n",
    "    elif(j >= 71) & (j <= 80): df.loc[i,'age_group'] = '71-80'\n",
    "    elif(j >= 81): df.loc[i,'age_group'] = '81+'\n",
    "    else: df.loc[i,'age_group'] = 'other'"
   ]
  },
  {
   "cell_type": "markdown",
   "metadata": {},
   "source": [
    "## Create income groups"
   ]
  },
  {
   "cell_type": "code",
   "execution_count": 4,
   "metadata": {
    "collapsed": true
   },
   "outputs": [],
   "source": [
    "for i in range(0,len(df.inc)):\n",
    "    j = df.loc[i,'inc']\n",
    "    if(j == 1): df.loc[i,'inc_group'] = '$0-\\n10,000'\n",
    "    elif(j == 2): df.loc[i,'inc_group'] = '$10,000-\\n19,999'\n",
    "    elif(j == 3): df.loc[i,'inc_group'] = '$20,000-\\n29,999'\n",
    "    elif(j == 4): df.loc[i,'inc_group'] = '$30,000-\\n39,999'\n",
    "    elif(j == 5): df.loc[i,'inc_group'] = '$40,000-\\n49,999'\n",
    "    elif(j == 6): df.loc[i,'inc_group'] = '$50,000-\\n59,999'\n",
    "    elif(j == 7): df.loc[i,'inc_group'] = '$75,000-\\n99,999'\n",
    "    elif(j == 8): df.loc[i,'inc_group'] = '$100,000-\\n149,999'\n",
    "    elif(j == 9): df.loc[i,'inc_group'] = '$150,000+'\n",
    "    else: df.loc[i,'inc_group'] = 'Other'"
   ]
  },
  {
   "cell_type": "markdown",
   "metadata": {},
   "source": [
    "## Create subset dataframes"
   ]
  },
  {
   "cell_type": "code",
   "execution_count": 5,
   "metadata": {
    "collapsed": false
   },
   "outputs": [
    {
     "name": "stdout",
     "output_type": "stream",
     "text": [
      "Security incident variables:  ['ID', 'secur2a', 'secur2b', 'secur2c', 'secur2d', 'secur2e', 'secur2f', 'secur2g']\n"
     ]
    }
   ],
   "source": [
    "sec_cols = [s for s in df.columns if (s.lower().strip().startswith('sec')) |\n",
    "           (s == 'ID') and\n",
    "           (s != 'secur1')]\n",
    "df_sec = df[sec_cols]\n",
    "\n",
    "print('Security incident variables: ', sec_cols)"
   ]
  },
  {
   "cell_type": "code",
   "execution_count": 6,
   "metadata": {
    "collapsed": false
   },
   "outputs": [
    {
     "name": "stdout",
     "output_type": "stream",
     "text": [
      "Security habit variables:  ['ID', 'habits1a', 'habits1b', 'habits1c', 'habits1d', 'habits1e', 'habits2', 'habits3', 'habits4c', 'habits5', 'habits6', 'habits7', 'habits8', 'habits9', 'habits10', 'habits11', 'habits12', 'wifi2a', 'wifi2b', 'wifi2c', 'wifi2d']\n"
     ]
    }
   ],
   "source": [
    "exclude = ['habits4a', 'habits4b', 'habits1f', 'habits1fos', 'habits9os', 'habits1cnt']\n",
    "hab_cols = [s for s in df.columns if (s.lower().strip().startswith('hab')) |\n",
    "           (s == 'ID') |\n",
    "           (s.lower().strip().startswith('wifi2')) and \n",
    "           (s not in exclude)]\n",
    "df_hab = df[hab_cols]\n",
    "\n",
    "print('Security habit variables: ', hab_cols)"
   ]
  },
  {
   "cell_type": "code",
   "execution_count": 7,
   "metadata": {
    "collapsed": false
   },
   "outputs": [
    {
     "name": "stdout",
     "output_type": "stream",
     "text": [
      "Demographic variables:  ['ID', 'sex', 'age', 'educ2', 'hisp', 'race3m1', 'marital', 'par', 'emplnw3', 'party', 'partyln', 'ideo', 'inc', 'usr']\n"
     ]
    }
   ],
   "source": [
    "temp = ['sex','age','educ2','hisp','race3m1','marital',\n",
    "        'par','emplnw3','party','partyln','ideo','inc',\n",
    "        'usr']\n",
    "dem_cols = [s for s in df.columns if (s in temp) |\n",
    "            (s == 'ID')]\n",
    "df_dem = df[dem_cols]\n",
    "\n",
    "print('Demographic variables: ', dem_cols)"
   ]
  },
  {
   "cell_type": "markdown",
   "metadata": {},
   "source": [
    "## Create dictionary of columns"
   ]
  },
  {
   "cell_type": "code",
   "execution_count": 8,
   "metadata": {
    "collapsed": false
   },
   "outputs": [
    {
     "name": "stdout",
     "output_type": "stream",
     "text": [
      "secur2a SSN compromised\n",
      "secur2b Other sensitive info compromised\n",
      "secur2c Fraudulent charges on credit/debit card\n",
      "secur2d Someone took over email\n",
      "secur2e Someone took over social media account\n",
      "secur2f Someone opened line of credit/applied for loan under name\n",
      "secur2g Someone received tax refund under name\n"
     ]
    }
   ],
   "source": [
    "dict_sec_cols = {'secur2a': 'SSN compromised',\n",
    "                 'secur2b': 'Other sensitive info compromised',\n",
    "                 'secur2c': 'Fraudulent charges on credit/debit card',\n",
    "                 'secur2d': 'Someone took over email',\n",
    "                 'secur2e': 'Someone took over social media account',\n",
    "                 'secur2f': 'Someone opened line of credit/applied for loan under name',\n",
    "                 'secur2g': 'Someone received tax refund under name'}\n",
    "\n",
    "for key, val in dict_sec_cols.items():\n",
    "    print(key,val)"
   ]
  },
  {
   "cell_type": "markdown",
   "metadata": {},
   "source": [
    "# Correlations"
   ]
  },
  {
   "cell_type": "markdown",
   "metadata": {},
   "source": [
    "## Security incident variables"
   ]
  },
  {
   "cell_type": "code",
   "execution_count": 9,
   "metadata": {
    "collapsed": false
   },
   "outputs": [
    {
     "data": {
      "text/html": [
       "<div>\n",
       "<table border=\"1\" class=\"dataframe\">\n",
       "  <thead>\n",
       "    <tr style=\"text-align: right;\">\n",
       "      <th></th>\n",
       "      <th>ID</th>\n",
       "      <th>secur2a</th>\n",
       "      <th>secur2b</th>\n",
       "      <th>secur2c</th>\n",
       "      <th>secur2d</th>\n",
       "      <th>secur2e</th>\n",
       "      <th>secur2f</th>\n",
       "      <th>secur2g</th>\n",
       "    </tr>\n",
       "  </thead>\n",
       "  <tbody>\n",
       "    <tr>\n",
       "      <th>ID</th>\n",
       "      <td>1.000000</td>\n",
       "      <td>0.072080</td>\n",
       "      <td>0.040866</td>\n",
       "      <td>0.072952</td>\n",
       "      <td>0.104097</td>\n",
       "      <td>0.025571</td>\n",
       "      <td>0.000368</td>\n",
       "      <td>0.000181</td>\n",
       "    </tr>\n",
       "    <tr>\n",
       "      <th>secur2a</th>\n",
       "      <td>0.072080</td>\n",
       "      <td>1.000000</td>\n",
       "      <td>0.313427</td>\n",
       "      <td>0.184122</td>\n",
       "      <td>0.143392</td>\n",
       "      <td>0.049244</td>\n",
       "      <td>0.261746</td>\n",
       "      <td>0.214680</td>\n",
       "    </tr>\n",
       "    <tr>\n",
       "      <th>secur2b</th>\n",
       "      <td>0.040866</td>\n",
       "      <td>0.313427</td>\n",
       "      <td>1.000000</td>\n",
       "      <td>0.332780</td>\n",
       "      <td>0.210134</td>\n",
       "      <td>-0.005351</td>\n",
       "      <td>0.226394</td>\n",
       "      <td>0.050177</td>\n",
       "    </tr>\n",
       "    <tr>\n",
       "      <th>secur2c</th>\n",
       "      <td>0.072952</td>\n",
       "      <td>0.184122</td>\n",
       "      <td>0.332780</td>\n",
       "      <td>1.000000</td>\n",
       "      <td>0.187828</td>\n",
       "      <td>0.005934</td>\n",
       "      <td>0.197522</td>\n",
       "      <td>0.067478</td>\n",
       "    </tr>\n",
       "    <tr>\n",
       "      <th>secur2d</th>\n",
       "      <td>0.104097</td>\n",
       "      <td>0.143392</td>\n",
       "      <td>0.210134</td>\n",
       "      <td>0.187828</td>\n",
       "      <td>1.000000</td>\n",
       "      <td>0.161101</td>\n",
       "      <td>0.159210</td>\n",
       "      <td>0.071669</td>\n",
       "    </tr>\n",
       "    <tr>\n",
       "      <th>secur2e</th>\n",
       "      <td>0.025571</td>\n",
       "      <td>0.049244</td>\n",
       "      <td>-0.005351</td>\n",
       "      <td>0.005934</td>\n",
       "      <td>0.161101</td>\n",
       "      <td>1.000000</td>\n",
       "      <td>0.071255</td>\n",
       "      <td>0.077058</td>\n",
       "    </tr>\n",
       "    <tr>\n",
       "      <th>secur2f</th>\n",
       "      <td>0.000368</td>\n",
       "      <td>0.261746</td>\n",
       "      <td>0.226394</td>\n",
       "      <td>0.197522</td>\n",
       "      <td>0.159210</td>\n",
       "      <td>0.071255</td>\n",
       "      <td>1.000000</td>\n",
       "      <td>0.167113</td>\n",
       "    </tr>\n",
       "    <tr>\n",
       "      <th>secur2g</th>\n",
       "      <td>0.000181</td>\n",
       "      <td>0.214680</td>\n",
       "      <td>0.050177</td>\n",
       "      <td>0.067478</td>\n",
       "      <td>0.071669</td>\n",
       "      <td>0.077058</td>\n",
       "      <td>0.167113</td>\n",
       "      <td>1.000000</td>\n",
       "    </tr>\n",
       "  </tbody>\n",
       "</table>\n",
       "</div>"
      ],
      "text/plain": [
       "               ID   secur2a   secur2b   secur2c   secur2d   secur2e   secur2f  \\\n",
       "ID       1.000000  0.072080  0.040866  0.072952  0.104097  0.025571  0.000368   \n",
       "secur2a  0.072080  1.000000  0.313427  0.184122  0.143392  0.049244  0.261746   \n",
       "secur2b  0.040866  0.313427  1.000000  0.332780  0.210134 -0.005351  0.226394   \n",
       "secur2c  0.072952  0.184122  0.332780  1.000000  0.187828  0.005934  0.197522   \n",
       "secur2d  0.104097  0.143392  0.210134  0.187828  1.000000  0.161101  0.159210   \n",
       "secur2e  0.025571  0.049244 -0.005351  0.005934  0.161101  1.000000  0.071255   \n",
       "secur2f  0.000368  0.261746  0.226394  0.197522  0.159210  0.071255  1.000000   \n",
       "secur2g  0.000181  0.214680  0.050177  0.067478  0.071669  0.077058  0.167113   \n",
       "\n",
       "          secur2g  \n",
       "ID       0.000181  \n",
       "secur2a  0.214680  \n",
       "secur2b  0.050177  \n",
       "secur2c  0.067478  \n",
       "secur2d  0.071669  \n",
       "secur2e  0.077058  \n",
       "secur2f  0.167113  \n",
       "secur2g  1.000000  "
      ]
     },
     "execution_count": 9,
     "metadata": {},
     "output_type": "execute_result"
    }
   ],
   "source": [
    "df_sec.corr()"
   ]
  },
  {
   "cell_type": "markdown",
   "metadata": {},
   "source": [
    "## Security habit variables"
   ]
  },
  {
   "cell_type": "code",
   "execution_count": 10,
   "metadata": {
    "collapsed": false
   },
   "outputs": [
    {
     "data": {
      "text/html": [
       "<div>\n",
       "<table border=\"1\" class=\"dataframe\">\n",
       "  <thead>\n",
       "    <tr style=\"text-align: right;\">\n",
       "      <th></th>\n",
       "      <th>ID</th>\n",
       "      <th>habits1a</th>\n",
       "      <th>habits1b</th>\n",
       "      <th>habits1c</th>\n",
       "      <th>habits1d</th>\n",
       "      <th>habits1e</th>\n",
       "      <th>habits2</th>\n",
       "      <th>habits3</th>\n",
       "      <th>habits4c</th>\n",
       "      <th>habits5</th>\n",
       "      <th>...</th>\n",
       "      <th>habits7</th>\n",
       "      <th>habits8</th>\n",
       "      <th>habits9</th>\n",
       "      <th>habits10</th>\n",
       "      <th>habits11</th>\n",
       "      <th>habits12</th>\n",
       "      <th>wifi2a</th>\n",
       "      <th>wifi2b</th>\n",
       "      <th>wifi2c</th>\n",
       "      <th>wifi2d</th>\n",
       "    </tr>\n",
       "  </thead>\n",
       "  <tbody>\n",
       "    <tr>\n",
       "      <th>ID</th>\n",
       "      <td>1.000000</td>\n",
       "      <td>0.183073</td>\n",
       "      <td>0.040823</td>\n",
       "      <td>0.110087</td>\n",
       "      <td>0.113262</td>\n",
       "      <td>0.136921</td>\n",
       "      <td>0.138584</td>\n",
       "      <td>0.139372</td>\n",
       "      <td>0.042008</td>\n",
       "      <td>0.064479</td>\n",
       "      <td>...</td>\n",
       "      <td>0.088516</td>\n",
       "      <td>0.151842</td>\n",
       "      <td>0.196000</td>\n",
       "      <td>0.157131</td>\n",
       "      <td>0.167480</td>\n",
       "      <td>0.024132</td>\n",
       "      <td>0.018453</td>\n",
       "      <td>0.004635</td>\n",
       "      <td>0.127739</td>\n",
       "      <td>0.132822</td>\n",
       "    </tr>\n",
       "    <tr>\n",
       "      <th>habits1a</th>\n",
       "      <td>0.183073</td>\n",
       "      <td>1.000000</td>\n",
       "      <td>0.055674</td>\n",
       "      <td>0.094748</td>\n",
       "      <td>0.088844</td>\n",
       "      <td>0.128422</td>\n",
       "      <td>0.238986</td>\n",
       "      <td>0.510972</td>\n",
       "      <td>0.095607</td>\n",
       "      <td>0.208840</td>\n",
       "      <td>...</td>\n",
       "      <td>-0.024552</td>\n",
       "      <td>0.202567</td>\n",
       "      <td>0.181217</td>\n",
       "      <td>0.197469</td>\n",
       "      <td>0.233134</td>\n",
       "      <td>0.070714</td>\n",
       "      <td>-0.217492</td>\n",
       "      <td>-0.224720</td>\n",
       "      <td>0.012738</td>\n",
       "      <td>0.029241</td>\n",
       "    </tr>\n",
       "    <tr>\n",
       "      <th>habits1b</th>\n",
       "      <td>0.040823</td>\n",
       "      <td>0.055674</td>\n",
       "      <td>1.000000</td>\n",
       "      <td>-0.051519</td>\n",
       "      <td>0.081297</td>\n",
       "      <td>0.067287</td>\n",
       "      <td>0.326063</td>\n",
       "      <td>0.259651</td>\n",
       "      <td>0.194989</td>\n",
       "      <td>0.127481</td>\n",
       "      <td>...</td>\n",
       "      <td>-0.096776</td>\n",
       "      <td>0.018599</td>\n",
       "      <td>0.013333</td>\n",
       "      <td>0.143170</td>\n",
       "      <td>0.122541</td>\n",
       "      <td>-0.005790</td>\n",
       "      <td>-0.110265</td>\n",
       "      <td>-0.194280</td>\n",
       "      <td>-0.100717</td>\n",
       "      <td>-0.052179</td>\n",
       "    </tr>\n",
       "    <tr>\n",
       "      <th>habits1c</th>\n",
       "      <td>0.110087</td>\n",
       "      <td>0.094748</td>\n",
       "      <td>-0.051519</td>\n",
       "      <td>1.000000</td>\n",
       "      <td>0.122601</td>\n",
       "      <td>0.202593</td>\n",
       "      <td>0.296074</td>\n",
       "      <td>0.113560</td>\n",
       "      <td>0.116470</td>\n",
       "      <td>0.136122</td>\n",
       "      <td>...</td>\n",
       "      <td>0.211228</td>\n",
       "      <td>0.210087</td>\n",
       "      <td>0.206472</td>\n",
       "      <td>0.028803</td>\n",
       "      <td>0.038755</td>\n",
       "      <td>0.012985</td>\n",
       "      <td>0.119003</td>\n",
       "      <td>-0.025907</td>\n",
       "      <td>0.180584</td>\n",
       "      <td>0.200469</td>\n",
       "    </tr>\n",
       "    <tr>\n",
       "      <th>habits1d</th>\n",
       "      <td>0.113262</td>\n",
       "      <td>0.088844</td>\n",
       "      <td>0.081297</td>\n",
       "      <td>0.122601</td>\n",
       "      <td>1.000000</td>\n",
       "      <td>0.262554</td>\n",
       "      <td>0.500973</td>\n",
       "      <td>0.115101</td>\n",
       "      <td>0.222221</td>\n",
       "      <td>0.143687</td>\n",
       "      <td>...</td>\n",
       "      <td>0.059604</td>\n",
       "      <td>0.181439</td>\n",
       "      <td>0.161058</td>\n",
       "      <td>0.113946</td>\n",
       "      <td>0.138885</td>\n",
       "      <td>-0.035652</td>\n",
       "      <td>0.037129</td>\n",
       "      <td>0.027421</td>\n",
       "      <td>0.080417</td>\n",
       "      <td>0.143080</td>\n",
       "    </tr>\n",
       "    <tr>\n",
       "      <th>habits1e</th>\n",
       "      <td>0.136921</td>\n",
       "      <td>0.128422</td>\n",
       "      <td>0.067287</td>\n",
       "      <td>0.202593</td>\n",
       "      <td>0.262554</td>\n",
       "      <td>1.000000</td>\n",
       "      <td>0.377690</td>\n",
       "      <td>0.055410</td>\n",
       "      <td>0.177683</td>\n",
       "      <td>0.203903</td>\n",
       "      <td>...</td>\n",
       "      <td>0.137085</td>\n",
       "      <td>0.146539</td>\n",
       "      <td>0.123842</td>\n",
       "      <td>0.054136</td>\n",
       "      <td>0.103644</td>\n",
       "      <td>0.000722</td>\n",
       "      <td>0.076992</td>\n",
       "      <td>0.024533</td>\n",
       "      <td>0.128029</td>\n",
       "      <td>0.193178</td>\n",
       "    </tr>\n",
       "    <tr>\n",
       "      <th>habits2</th>\n",
       "      <td>0.138584</td>\n",
       "      <td>0.238986</td>\n",
       "      <td>0.326063</td>\n",
       "      <td>0.296074</td>\n",
       "      <td>0.500973</td>\n",
       "      <td>0.377690</td>\n",
       "      <td>1.000000</td>\n",
       "      <td>0.220547</td>\n",
       "      <td>0.267822</td>\n",
       "      <td>0.148345</td>\n",
       "      <td>...</td>\n",
       "      <td>0.063957</td>\n",
       "      <td>0.197127</td>\n",
       "      <td>0.162676</td>\n",
       "      <td>0.113223</td>\n",
       "      <td>0.140825</td>\n",
       "      <td>0.001747</td>\n",
       "      <td>0.021864</td>\n",
       "      <td>-0.052551</td>\n",
       "      <td>0.050082</td>\n",
       "      <td>0.151428</td>\n",
       "    </tr>\n",
       "    <tr>\n",
       "      <th>habits3</th>\n",
       "      <td>0.139372</td>\n",
       "      <td>0.510972</td>\n",
       "      <td>0.259651</td>\n",
       "      <td>0.113560</td>\n",
       "      <td>0.115101</td>\n",
       "      <td>0.055410</td>\n",
       "      <td>0.220547</td>\n",
       "      <td>1.000000</td>\n",
       "      <td>0.057213</td>\n",
       "      <td>0.170201</td>\n",
       "      <td>...</td>\n",
       "      <td>-0.182065</td>\n",
       "      <td>0.237070</td>\n",
       "      <td>0.248696</td>\n",
       "      <td>0.271845</td>\n",
       "      <td>0.258158</td>\n",
       "      <td>0.102834</td>\n",
       "      <td>-0.398896</td>\n",
       "      <td>-0.392012</td>\n",
       "      <td>-0.173753</td>\n",
       "      <td>-0.158589</td>\n",
       "    </tr>\n",
       "    <tr>\n",
       "      <th>habits4c</th>\n",
       "      <td>0.042008</td>\n",
       "      <td>0.095607</td>\n",
       "      <td>0.194989</td>\n",
       "      <td>0.116470</td>\n",
       "      <td>0.222221</td>\n",
       "      <td>0.177683</td>\n",
       "      <td>0.267822</td>\n",
       "      <td>0.057213</td>\n",
       "      <td>1.000000</td>\n",
       "      <td>0.161064</td>\n",
       "      <td>...</td>\n",
       "      <td>0.044074</td>\n",
       "      <td>0.062927</td>\n",
       "      <td>0.026525</td>\n",
       "      <td>0.117245</td>\n",
       "      <td>0.162461</td>\n",
       "      <td>-0.052224</td>\n",
       "      <td>0.102532</td>\n",
       "      <td>0.039616</td>\n",
       "      <td>0.135923</td>\n",
       "      <td>0.208694</td>\n",
       "    </tr>\n",
       "    <tr>\n",
       "      <th>habits5</th>\n",
       "      <td>0.064479</td>\n",
       "      <td>0.208840</td>\n",
       "      <td>0.127481</td>\n",
       "      <td>0.136122</td>\n",
       "      <td>0.143687</td>\n",
       "      <td>0.203903</td>\n",
       "      <td>0.148345</td>\n",
       "      <td>0.170201</td>\n",
       "      <td>0.161064</td>\n",
       "      <td>1.000000</td>\n",
       "      <td>...</td>\n",
       "      <td>0.194327</td>\n",
       "      <td>0.146339</td>\n",
       "      <td>0.157304</td>\n",
       "      <td>0.129403</td>\n",
       "      <td>0.172596</td>\n",
       "      <td>0.003689</td>\n",
       "      <td>0.079722</td>\n",
       "      <td>0.074462</td>\n",
       "      <td>0.226470</td>\n",
       "      <td>0.253709</td>\n",
       "    </tr>\n",
       "    <tr>\n",
       "      <th>habits6</th>\n",
       "      <td>0.150050</td>\n",
       "      <td>0.225136</td>\n",
       "      <td>0.153748</td>\n",
       "      <td>0.159674</td>\n",
       "      <td>0.134849</td>\n",
       "      <td>0.183910</td>\n",
       "      <td>0.208096</td>\n",
       "      <td>0.321328</td>\n",
       "      <td>0.140491</td>\n",
       "      <td>0.212184</td>\n",
       "      <td>...</td>\n",
       "      <td>0.092528</td>\n",
       "      <td>0.303397</td>\n",
       "      <td>0.261840</td>\n",
       "      <td>0.192877</td>\n",
       "      <td>0.184899</td>\n",
       "      <td>0.123692</td>\n",
       "      <td>-0.071349</td>\n",
       "      <td>-0.068162</td>\n",
       "      <td>0.099979</td>\n",
       "      <td>0.170036</td>\n",
       "    </tr>\n",
       "    <tr>\n",
       "      <th>habits7</th>\n",
       "      <td>0.088516</td>\n",
       "      <td>-0.024552</td>\n",
       "      <td>-0.096776</td>\n",
       "      <td>0.211228</td>\n",
       "      <td>0.059604</td>\n",
       "      <td>0.137085</td>\n",
       "      <td>0.063957</td>\n",
       "      <td>-0.182065</td>\n",
       "      <td>0.044074</td>\n",
       "      <td>0.194327</td>\n",
       "      <td>...</td>\n",
       "      <td>1.000000</td>\n",
       "      <td>0.094918</td>\n",
       "      <td>0.154720</td>\n",
       "      <td>-0.078569</td>\n",
       "      <td>0.027942</td>\n",
       "      <td>-0.029795</td>\n",
       "      <td>0.214327</td>\n",
       "      <td>0.199838</td>\n",
       "      <td>0.413709</td>\n",
       "      <td>0.271200</td>\n",
       "    </tr>\n",
       "    <tr>\n",
       "      <th>habits8</th>\n",
       "      <td>0.151842</td>\n",
       "      <td>0.202567</td>\n",
       "      <td>0.018599</td>\n",
       "      <td>0.210087</td>\n",
       "      <td>0.181439</td>\n",
       "      <td>0.146539</td>\n",
       "      <td>0.197127</td>\n",
       "      <td>0.237070</td>\n",
       "      <td>0.062927</td>\n",
       "      <td>0.146339</td>\n",
       "      <td>...</td>\n",
       "      <td>0.094918</td>\n",
       "      <td>1.000000</td>\n",
       "      <td>0.709842</td>\n",
       "      <td>0.346276</td>\n",
       "      <td>0.331288</td>\n",
       "      <td>0.207777</td>\n",
       "      <td>-0.035377</td>\n",
       "      <td>-0.040794</td>\n",
       "      <td>0.122932</td>\n",
       "      <td>0.146792</td>\n",
       "    </tr>\n",
       "    <tr>\n",
       "      <th>habits9</th>\n",
       "      <td>0.196000</td>\n",
       "      <td>0.181217</td>\n",
       "      <td>0.013333</td>\n",
       "      <td>0.206472</td>\n",
       "      <td>0.161058</td>\n",
       "      <td>0.123842</td>\n",
       "      <td>0.162676</td>\n",
       "      <td>0.248696</td>\n",
       "      <td>0.026525</td>\n",
       "      <td>0.157304</td>\n",
       "      <td>...</td>\n",
       "      <td>0.154720</td>\n",
       "      <td>0.709842</td>\n",
       "      <td>1.000000</td>\n",
       "      <td>0.299389</td>\n",
       "      <td>0.338172</td>\n",
       "      <td>0.126155</td>\n",
       "      <td>-0.039666</td>\n",
       "      <td>-0.067381</td>\n",
       "      <td>0.116740</td>\n",
       "      <td>0.067385</td>\n",
       "    </tr>\n",
       "    <tr>\n",
       "      <th>habits10</th>\n",
       "      <td>0.157131</td>\n",
       "      <td>0.197469</td>\n",
       "      <td>0.143170</td>\n",
       "      <td>0.028803</td>\n",
       "      <td>0.113946</td>\n",
       "      <td>0.054136</td>\n",
       "      <td>0.113223</td>\n",
       "      <td>0.271845</td>\n",
       "      <td>0.117245</td>\n",
       "      <td>0.129403</td>\n",
       "      <td>...</td>\n",
       "      <td>-0.078569</td>\n",
       "      <td>0.346276</td>\n",
       "      <td>0.299389</td>\n",
       "      <td>1.000000</td>\n",
       "      <td>0.746951</td>\n",
       "      <td>0.123296</td>\n",
       "      <td>-0.070826</td>\n",
       "      <td>-0.069255</td>\n",
       "      <td>0.061600</td>\n",
       "      <td>0.079005</td>\n",
       "    </tr>\n",
       "    <tr>\n",
       "      <th>habits11</th>\n",
       "      <td>0.167480</td>\n",
       "      <td>0.233134</td>\n",
       "      <td>0.122541</td>\n",
       "      <td>0.038755</td>\n",
       "      <td>0.138885</td>\n",
       "      <td>0.103644</td>\n",
       "      <td>0.140825</td>\n",
       "      <td>0.258158</td>\n",
       "      <td>0.162461</td>\n",
       "      <td>0.172596</td>\n",
       "      <td>...</td>\n",
       "      <td>0.027942</td>\n",
       "      <td>0.331288</td>\n",
       "      <td>0.338172</td>\n",
       "      <td>0.746951</td>\n",
       "      <td>1.000000</td>\n",
       "      <td>0.050796</td>\n",
       "      <td>-0.057532</td>\n",
       "      <td>-0.088278</td>\n",
       "      <td>0.115782</td>\n",
       "      <td>0.104523</td>\n",
       "    </tr>\n",
       "    <tr>\n",
       "      <th>habits12</th>\n",
       "      <td>0.024132</td>\n",
       "      <td>0.070714</td>\n",
       "      <td>-0.005790</td>\n",
       "      <td>0.012985</td>\n",
       "      <td>-0.035652</td>\n",
       "      <td>0.000722</td>\n",
       "      <td>0.001747</td>\n",
       "      <td>0.102834</td>\n",
       "      <td>-0.052224</td>\n",
       "      <td>0.003689</td>\n",
       "      <td>...</td>\n",
       "      <td>-0.029795</td>\n",
       "      <td>0.207777</td>\n",
       "      <td>0.126155</td>\n",
       "      <td>0.123296</td>\n",
       "      <td>0.050796</td>\n",
       "      <td>1.000000</td>\n",
       "      <td>-0.044228</td>\n",
       "      <td>-0.074576</td>\n",
       "      <td>-0.042122</td>\n",
       "      <td>-0.055226</td>\n",
       "    </tr>\n",
       "    <tr>\n",
       "      <th>wifi2a</th>\n",
       "      <td>0.018453</td>\n",
       "      <td>-0.217492</td>\n",
       "      <td>-0.110265</td>\n",
       "      <td>0.119003</td>\n",
       "      <td>0.037129</td>\n",
       "      <td>0.076992</td>\n",
       "      <td>0.021864</td>\n",
       "      <td>-0.398896</td>\n",
       "      <td>0.102532</td>\n",
       "      <td>0.079722</td>\n",
       "      <td>...</td>\n",
       "      <td>0.214327</td>\n",
       "      <td>-0.035377</td>\n",
       "      <td>-0.039666</td>\n",
       "      <td>-0.070826</td>\n",
       "      <td>-0.057532</td>\n",
       "      <td>-0.044228</td>\n",
       "      <td>1.000000</td>\n",
       "      <td>0.612314</td>\n",
       "      <td>0.367929</td>\n",
       "      <td>0.401499</td>\n",
       "    </tr>\n",
       "    <tr>\n",
       "      <th>wifi2b</th>\n",
       "      <td>0.004635</td>\n",
       "      <td>-0.224720</td>\n",
       "      <td>-0.194280</td>\n",
       "      <td>-0.025907</td>\n",
       "      <td>0.027421</td>\n",
       "      <td>0.024533</td>\n",
       "      <td>-0.052551</td>\n",
       "      <td>-0.392012</td>\n",
       "      <td>0.039616</td>\n",
       "      <td>0.074462</td>\n",
       "      <td>...</td>\n",
       "      <td>0.199838</td>\n",
       "      <td>-0.040794</td>\n",
       "      <td>-0.067381</td>\n",
       "      <td>-0.069255</td>\n",
       "      <td>-0.088278</td>\n",
       "      <td>-0.074576</td>\n",
       "      <td>0.612314</td>\n",
       "      <td>1.000000</td>\n",
       "      <td>0.332084</td>\n",
       "      <td>0.374471</td>\n",
       "    </tr>\n",
       "    <tr>\n",
       "      <th>wifi2c</th>\n",
       "      <td>0.127739</td>\n",
       "      <td>0.012738</td>\n",
       "      <td>-0.100717</td>\n",
       "      <td>0.180584</td>\n",
       "      <td>0.080417</td>\n",
       "      <td>0.128029</td>\n",
       "      <td>0.050082</td>\n",
       "      <td>-0.173753</td>\n",
       "      <td>0.135923</td>\n",
       "      <td>0.226470</td>\n",
       "      <td>...</td>\n",
       "      <td>0.413709</td>\n",
       "      <td>0.122932</td>\n",
       "      <td>0.116740</td>\n",
       "      <td>0.061600</td>\n",
       "      <td>0.115782</td>\n",
       "      <td>-0.042122</td>\n",
       "      <td>0.367929</td>\n",
       "      <td>0.332084</td>\n",
       "      <td>1.000000</td>\n",
       "      <td>0.612180</td>\n",
       "    </tr>\n",
       "    <tr>\n",
       "      <th>wifi2d</th>\n",
       "      <td>0.132822</td>\n",
       "      <td>0.029241</td>\n",
       "      <td>-0.052179</td>\n",
       "      <td>0.200469</td>\n",
       "      <td>0.143080</td>\n",
       "      <td>0.193178</td>\n",
       "      <td>0.151428</td>\n",
       "      <td>-0.158589</td>\n",
       "      <td>0.208694</td>\n",
       "      <td>0.253709</td>\n",
       "      <td>...</td>\n",
       "      <td>0.271200</td>\n",
       "      <td>0.146792</td>\n",
       "      <td>0.067385</td>\n",
       "      <td>0.079005</td>\n",
       "      <td>0.104523</td>\n",
       "      <td>-0.055226</td>\n",
       "      <td>0.401499</td>\n",
       "      <td>0.374471</td>\n",
       "      <td>0.612180</td>\n",
       "      <td>1.000000</td>\n",
       "    </tr>\n",
       "  </tbody>\n",
       "</table>\n",
       "<p>21 rows × 21 columns</p>\n",
       "</div>"
      ],
      "text/plain": [
       "                ID  habits1a  habits1b  habits1c  habits1d  habits1e  \\\n",
       "ID        1.000000  0.183073  0.040823  0.110087  0.113262  0.136921   \n",
       "habits1a  0.183073  1.000000  0.055674  0.094748  0.088844  0.128422   \n",
       "habits1b  0.040823  0.055674  1.000000 -0.051519  0.081297  0.067287   \n",
       "habits1c  0.110087  0.094748 -0.051519  1.000000  0.122601  0.202593   \n",
       "habits1d  0.113262  0.088844  0.081297  0.122601  1.000000  0.262554   \n",
       "habits1e  0.136921  0.128422  0.067287  0.202593  0.262554  1.000000   \n",
       "habits2   0.138584  0.238986  0.326063  0.296074  0.500973  0.377690   \n",
       "habits3   0.139372  0.510972  0.259651  0.113560  0.115101  0.055410   \n",
       "habits4c  0.042008  0.095607  0.194989  0.116470  0.222221  0.177683   \n",
       "habits5   0.064479  0.208840  0.127481  0.136122  0.143687  0.203903   \n",
       "habits6   0.150050  0.225136  0.153748  0.159674  0.134849  0.183910   \n",
       "habits7   0.088516 -0.024552 -0.096776  0.211228  0.059604  0.137085   \n",
       "habits8   0.151842  0.202567  0.018599  0.210087  0.181439  0.146539   \n",
       "habits9   0.196000  0.181217  0.013333  0.206472  0.161058  0.123842   \n",
       "habits10  0.157131  0.197469  0.143170  0.028803  0.113946  0.054136   \n",
       "habits11  0.167480  0.233134  0.122541  0.038755  0.138885  0.103644   \n",
       "habits12  0.024132  0.070714 -0.005790  0.012985 -0.035652  0.000722   \n",
       "wifi2a    0.018453 -0.217492 -0.110265  0.119003  0.037129  0.076992   \n",
       "wifi2b    0.004635 -0.224720 -0.194280 -0.025907  0.027421  0.024533   \n",
       "wifi2c    0.127739  0.012738 -0.100717  0.180584  0.080417  0.128029   \n",
       "wifi2d    0.132822  0.029241 -0.052179  0.200469  0.143080  0.193178   \n",
       "\n",
       "           habits2   habits3  habits4c   habits5    ...      habits7  \\\n",
       "ID        0.138584  0.139372  0.042008  0.064479    ...     0.088516   \n",
       "habits1a  0.238986  0.510972  0.095607  0.208840    ...    -0.024552   \n",
       "habits1b  0.326063  0.259651  0.194989  0.127481    ...    -0.096776   \n",
       "habits1c  0.296074  0.113560  0.116470  0.136122    ...     0.211228   \n",
       "habits1d  0.500973  0.115101  0.222221  0.143687    ...     0.059604   \n",
       "habits1e  0.377690  0.055410  0.177683  0.203903    ...     0.137085   \n",
       "habits2   1.000000  0.220547  0.267822  0.148345    ...     0.063957   \n",
       "habits3   0.220547  1.000000  0.057213  0.170201    ...    -0.182065   \n",
       "habits4c  0.267822  0.057213  1.000000  0.161064    ...     0.044074   \n",
       "habits5   0.148345  0.170201  0.161064  1.000000    ...     0.194327   \n",
       "habits6   0.208096  0.321328  0.140491  0.212184    ...     0.092528   \n",
       "habits7   0.063957 -0.182065  0.044074  0.194327    ...     1.000000   \n",
       "habits8   0.197127  0.237070  0.062927  0.146339    ...     0.094918   \n",
       "habits9   0.162676  0.248696  0.026525  0.157304    ...     0.154720   \n",
       "habits10  0.113223  0.271845  0.117245  0.129403    ...    -0.078569   \n",
       "habits11  0.140825  0.258158  0.162461  0.172596    ...     0.027942   \n",
       "habits12  0.001747  0.102834 -0.052224  0.003689    ...    -0.029795   \n",
       "wifi2a    0.021864 -0.398896  0.102532  0.079722    ...     0.214327   \n",
       "wifi2b   -0.052551 -0.392012  0.039616  0.074462    ...     0.199838   \n",
       "wifi2c    0.050082 -0.173753  0.135923  0.226470    ...     0.413709   \n",
       "wifi2d    0.151428 -0.158589  0.208694  0.253709    ...     0.271200   \n",
       "\n",
       "           habits8   habits9  habits10  habits11  habits12    wifi2a  \\\n",
       "ID        0.151842  0.196000  0.157131  0.167480  0.024132  0.018453   \n",
       "habits1a  0.202567  0.181217  0.197469  0.233134  0.070714 -0.217492   \n",
       "habits1b  0.018599  0.013333  0.143170  0.122541 -0.005790 -0.110265   \n",
       "habits1c  0.210087  0.206472  0.028803  0.038755  0.012985  0.119003   \n",
       "habits1d  0.181439  0.161058  0.113946  0.138885 -0.035652  0.037129   \n",
       "habits1e  0.146539  0.123842  0.054136  0.103644  0.000722  0.076992   \n",
       "habits2   0.197127  0.162676  0.113223  0.140825  0.001747  0.021864   \n",
       "habits3   0.237070  0.248696  0.271845  0.258158  0.102834 -0.398896   \n",
       "habits4c  0.062927  0.026525  0.117245  0.162461 -0.052224  0.102532   \n",
       "habits5   0.146339  0.157304  0.129403  0.172596  0.003689  0.079722   \n",
       "habits6   0.303397  0.261840  0.192877  0.184899  0.123692 -0.071349   \n",
       "habits7   0.094918  0.154720 -0.078569  0.027942 -0.029795  0.214327   \n",
       "habits8   1.000000  0.709842  0.346276  0.331288  0.207777 -0.035377   \n",
       "habits9   0.709842  1.000000  0.299389  0.338172  0.126155 -0.039666   \n",
       "habits10  0.346276  0.299389  1.000000  0.746951  0.123296 -0.070826   \n",
       "habits11  0.331288  0.338172  0.746951  1.000000  0.050796 -0.057532   \n",
       "habits12  0.207777  0.126155  0.123296  0.050796  1.000000 -0.044228   \n",
       "wifi2a   -0.035377 -0.039666 -0.070826 -0.057532 -0.044228  1.000000   \n",
       "wifi2b   -0.040794 -0.067381 -0.069255 -0.088278 -0.074576  0.612314   \n",
       "wifi2c    0.122932  0.116740  0.061600  0.115782 -0.042122  0.367929   \n",
       "wifi2d    0.146792  0.067385  0.079005  0.104523 -0.055226  0.401499   \n",
       "\n",
       "            wifi2b    wifi2c    wifi2d  \n",
       "ID        0.004635  0.127739  0.132822  \n",
       "habits1a -0.224720  0.012738  0.029241  \n",
       "habits1b -0.194280 -0.100717 -0.052179  \n",
       "habits1c -0.025907  0.180584  0.200469  \n",
       "habits1d  0.027421  0.080417  0.143080  \n",
       "habits1e  0.024533  0.128029  0.193178  \n",
       "habits2  -0.052551  0.050082  0.151428  \n",
       "habits3  -0.392012 -0.173753 -0.158589  \n",
       "habits4c  0.039616  0.135923  0.208694  \n",
       "habits5   0.074462  0.226470  0.253709  \n",
       "habits6  -0.068162  0.099979  0.170036  \n",
       "habits7   0.199838  0.413709  0.271200  \n",
       "habits8  -0.040794  0.122932  0.146792  \n",
       "habits9  -0.067381  0.116740  0.067385  \n",
       "habits10 -0.069255  0.061600  0.079005  \n",
       "habits11 -0.088278  0.115782  0.104523  \n",
       "habits12 -0.074576 -0.042122 -0.055226  \n",
       "wifi2a    0.612314  0.367929  0.401499  \n",
       "wifi2b    1.000000  0.332084  0.374471  \n",
       "wifi2c    0.332084  1.000000  0.612180  \n",
       "wifi2d    0.374471  0.612180  1.000000  \n",
       "\n",
       "[21 rows x 21 columns]"
      ]
     },
     "execution_count": 10,
     "metadata": {},
     "output_type": "execute_result"
    }
   ],
   "source": [
    "df_hab.corr()"
   ]
  },
  {
   "cell_type": "markdown",
   "metadata": {},
   "source": [
    "## Demographic variables"
   ]
  },
  {
   "cell_type": "code",
   "execution_count": 11,
   "metadata": {
    "collapsed": false
   },
   "outputs": [
    {
     "data": {
      "text/html": [
       "<div>\n",
       "<table border=\"1\" class=\"dataframe\">\n",
       "  <thead>\n",
       "    <tr style=\"text-align: right;\">\n",
       "      <th></th>\n",
       "      <th>ID</th>\n",
       "      <th>sex</th>\n",
       "      <th>age</th>\n",
       "      <th>educ2</th>\n",
       "      <th>hisp</th>\n",
       "      <th>race3m1</th>\n",
       "      <th>marital</th>\n",
       "      <th>par</th>\n",
       "      <th>emplnw3</th>\n",
       "      <th>party</th>\n",
       "      <th>partyln</th>\n",
       "      <th>ideo</th>\n",
       "      <th>inc</th>\n",
       "      <th>usr</th>\n",
       "    </tr>\n",
       "  </thead>\n",
       "  <tbody>\n",
       "    <tr>\n",
       "      <th>ID</th>\n",
       "      <td>1.000000</td>\n",
       "      <td>-0.119406</td>\n",
       "      <td>-0.343113</td>\n",
       "      <td>-0.010926</td>\n",
       "      <td>0.103976</td>\n",
       "      <td>0.112147</td>\n",
       "      <td>0.027175</td>\n",
       "      <td>0.106426</td>\n",
       "      <td>-0.204131</td>\n",
       "      <td>-0.005242</td>\n",
       "      <td>0.040151</td>\n",
